[       0,     202,     403,     604,     805,    1006,    1207,    1408,    1609,    1810,    2011,    2212 ...
     2413,    2614,    2815,    3016,    3217,    3418,    3619,    3820,    4021,    4222,    4423,    4624 ...
     4825,    5026,    5227,    5428,    5629,    5829,    6030,    6231,    6432,    6633,    6834,    7034 ...
     7235,    7436,    7637,    7837,    8038,    8239,    8439,    8640,    8841,    9041,    9242,    9442 ...
     9643,    9843,   10044,   10244,   10445,   10645,   10845,   11046,   11246,   11446,   11647,   11847 ...
    12047,   12247,   12448,   12648,   12848,   13048,   13248,   13448,   13648,   13848,   14048,   14248 ...
    14448,   14647,   14847,   15047,   15247,   15446,   15646,   15846,   16045,   16245,   16444,   16644 ...
    16843,   17042,   17242,   17441,   17640,   17839,   18039,   18238,   18437,   18636,   18835,   19034 ...
    19233,   19432,   19630,   19829,   20028,   20227,   20425,   20624,   20822,   21021,   21219,   21418 ...
    21616,   21814,   22013,   22211,   22409,   22607,   22805,   23003,   23201,   23399,   23596,   23794 ...
    23992,   24190,   24387,   24585,   24782,   24980,   25177,   25374,   25571,   25769,   25966,   26163 ...
    26360,   26557,   26753,   26950,   27147,   27344,   27540,   27737,   27933,   28130,   28326,   28522 ...
    28719,   28915,   29111,   29307,   29503,   29699,   29894,   30090,   30286,   30481,   30677,   30872 ...
    31068,   31263,   31458,   31653,   31848,   32043,   32238,   32433,   32628,   32823,   33017,   33212 ...
    33406,   33601,   33795,   33989,   34183,   34377,   34571,   34765,   34959,   35153,   35346,   35540 ...
    35734,   35927,   36120,   36313,   36507,   36700,   36893,   37086,   37278,   37471,   37664,   37856 ...
    38049,   38241,   38433,   38626,   38818,   39010,   39201,   39393,   39585,   39777,   39968,   40160 ...
    40351,   40542,   40733,   40924,   41115,   41306,   41497,   41688,   41878,   42069,   42259,   42449 ...
    42640,   42830,   43020,   43209,   43399,   43589,   43779,   43968,   44157,   44347,   44536,   44725 ...
    44914,   45103,   45291,   45480,   45668,   45857,   46045,   46233,   46421,   46609,   46797,   46985 ...
    47173,   47360,   47548,   47735,   47922,   48109,   48296,   48483,   48670,   48856,   49043,   49229 ...
    49416,   49602,   49788,   49974,   50160,   50345,   50531,   50716,   50902,   51087,   51272,   51457 ...
    51642,   51827,   52011,   52196,   52380,   52564,   52748,   52932,   53116,   53300,   53484,   53667 ...
    53851,   54034,   54217,   54400,   54583,   54765,   54948,   55131,   55313,   55495,   55677,   55859 ...
    56041,   56223,   56404,   56586,   56767,   56948,   57129,   57310,   57491,   57671,   57852,   58032 ...
    58212,   58393,   58572,   58752,   58932,   59111,   59291,   59470,   59649,   59828,   60007,   60186 ...
    60364,   60543,   60721,   60899,   61077,   61255,   61432,   61610,   61787,   61965,   62142,   62319 ...
    62496,   62672,   62849,   63025,   63201,   63377,   63553,   63729,   63905,   64080,   64255,   64431 ...
    64606,   64781,   64955,   65130,   65304,   65478,   65653,   65826,   66000,   66174,   66347,   66521 ...
    66694,   66867,   67040,   67212,   67385,   67557,   67730,   67902,   68074,   68245,   68417,   68588 ...
    68760,   68931,   69102,   69272,   69443,   69613,   69784,   69954,   70124,   70293,   70463,   70633 ...
    70802,   70971,   71140,   71309,   71477,   71646,   71814,   71982,   72150,   72318,   72486,   72653 ...
    72820,   72987,   73154,   73321,   73488,   73654,   73820,   73986,   74152,   74318,   74483,   74649 ...
    74814,   74979,   75144,   75308,   75473,   75637,   75801,   75965,   76129,   76293,   76456,   76619 ...
    76782,   76945,   77108,   77270,   77433,   77595,   77757,   77918,   78080,   78241,   78403,   78564 ...
    78725,   78885,   79046,   79206,   79366,   79526,   79686,   79845,   80005,   80164,   80323,   80482 ...
    80640,   80799,   80957,   81115,   81273,   81430,   81588,   81745,   81902,   82059,   82216,   82372 ...
    82528,   82685,   82840,   82996,   83152,   83307,   83462,   83617,   83772,   83926,   84081,   84235 ...
    84389,   84543,   84696,   84849,   85003,   85156,   85308,   85461,   85613,   85765,   85917,   86069 ...
    86221,   86372,   86523,   86674,   86825,   86975,   87125,   87276,   87426,   87575,   87725,   87874 ...
    88023,   88172,   88321,   88469,   88617,   88765,   88913,   89061,   89208,   89355,   89502,   89649 ...
    89796,   89942,   90088,   90234,   90380,   90525,   90671,   90816,   90961,   91105,   91250,   91394 ...
    91538,   91682,   91825,   91969,   92112,   92255,   92398,   92540,   92682,   92824,   92966,   93108 ...
    93249,   93391,   93531,   93672,   93813,   93953,   94093,   94233,   94373,   94512,   94651,   94790 ...
    94929,   95068,   95206,   95344,   95482,   95619,   95757,   95894,   96031,   96168,   96304,   96440 ...
    96577,   96712,   96848,   96983,   97118,   97253,   97388,   97522,   97657,   97791,   97924,   98058 ...
    98191,   98324,   98457,   98590,   98722,   98854,   98986,   99118,   99249,   99381,   99512,   99642 ...
    99773,   99903,  100033,  100163,  100293,  100422,  100551,  100680,  100808,  100937,  101065,  101193 ...
   101321,  101448,  101575,  101702,  101829,  101955,  102082,  102208,  102333,  102459,  102584,  102709 ...
   102834,  102958,  103083,  103207,  103331,  103454,  103578,  103701,  103823,  103946,  104068,  104191 ...
   104312,  104434,  104555,  104677,  104797,  104918,  105038,  105159,  105279,  105398,  105518,  105637 ...
   105756,  105874,  105993,  106111,  106229,  106346,  106464,  106581,  106698,  106815,  106931,  107047 ...
   107163,  107279,  107394,  107509,  107624,  107739,  107853,  107967,  108081,  108195,  108308,  108421 ...
   108534,  108647,  108759,  108871,  108983,  109094,  109206,  109317,  109428,  109538,  109648,  109759 ...
   109868,  109978,  110087,  110196,  110305,  110413,  110521,  110629,  110737,  110845,  110952,  111059 ...
   111165,  111272,  111378,  111484,  111589,  111695,  111800,  111905,  112009,  112113,  112217,  112321 ...
   112425,  112528,  112631,  112734,  112836,  112938,  113040,  113142,  113243,  113344,  113445,  113546 ...
   113646,  113746,  113846,  113945,  114045,  114144,  114242,  114341,  114439,  114537,  114634,  114732 ...
   114829,  114926,  115022,  115118,  115214,  115310,  115406,  115501,  115596,  115690,  115785,  115879 ...
   115973,  116066,  116159,  116252,  116345,  116438,  116530,  116622,  116713,  116805,  116896,  116987 ...
   117077,  117167,  117257,  117347,  117437,  117526,  117615,  117703,  117792,  117880,  117967,  118055 ...
   118142,  118229,  118316,  118402,  118488,  118574,  118660,  118745,  118830,  118915,  118999,  119083 ...
   119167,  119251,  119334,  119417,  119500,  119582,  119664,  119746,  119828,  119909,  119990,  120071 ...
   120151,  120232,  120312,  120391,  120471,  120550,  120628,  120707,  120785,  120863,  120941,  121018 ...
   121095,  121172,  121249,  121325,  121401,  121476,  121552,  121627,  121702,  121776,  121850,  121924 ...
   121998,  122071,  122144,  122217,  122290,  122362,  122434,  122506,  122577,  122648,  122719,  122789 ...
   122859,  122929,  122999,  123068,  123137,  123206,  123275,  123343,  123411,  123478,  123545,  123612 ...
   123679,  123746,  123812,  123878,  123943,  124008,  124073,  124138,  124202,  124267,  124330,  124394 ...
   124457,  124520,  124583,  124645,  124707,  124769,  124830,  124891,  124952,  125013,  125073,  125133 ...
   125193,  125252,  125311,  125370,  125429,  125487,  125545,  125602,  125660,  125717,  125773,  125830 ...
   125886,  125942,  125997,  126053,  126108,  126162,  126217,  126271,  126325,  126378,  126431,  126484 ...
   126537,  126589,  126641,  126693,  126744,  126795,  126846,  126896,  126947,  126997,  127046,  127095 ...
   127144,  127193,  127242,  127290,  127337,  127385,  127432,  127479,  127526,  127572,  127618,  127664 ...
   127709,  127754,  127799,  127844,  127888,  127932,  127975,  128019,  128062,  128104,  128147,  128189 ...
   128231,  128272,  128313,  128354,  128395,  128435,  128475,  128515,  128554,  128593,  128632,  128670 ...
   128708,  128746,  128784,  128821,  128858,  128895,  128931,  128967,  129003,  129038,  129073,  129108 ...
   129143,  129177,  129211,  129245,  129278,  129311,  129344,  129376,  129408,  129440,  129471,  129503 ...
   129533,  129564,  129594,  129624,  129654,  129683,  129712,  129741,  129769,  129798,  129825,  129853 ...
   129880,  129907,  129934,  129960,  129986,  130012,  130037,  130062,  130087,  130111,  130135,  130159 ...
   130183,  130206,  130229,  130252,  130274,  130296,  130318,  130339,  130360,  130381,  130401,  130421 ...
   130441,  130461,  130480,  130499,  130518,  130536,  130554,  130572,  130589,  130606,  130623,  130640 ...
   130656,  130672,  130687,  130702,  130717,  130732,  130746,  130760,  130774,  130787,  130801,  130813 ...
   130826,  130838,  130850,  130861,  130873,  130884,  130894,  130905,  130915,  130924,  130934,  130943 ...
   130952,  130960,  130968,  130976,  130984,  130991,  130998,  131004,  131011,  131017,  131023,  131028 ...
   131033,  131038,  131042,  131046,  131050,  131054,  131057,  131060,  131063,  131065,  131067,  131069 ...
   131070,  131071,  131072,  131072 ] 
